8.800000190 8.800000190 3.171250105
12.388639910 3.588639980 0.000000000
8.800000190 8.800000190 6.342500210
8.800000190 4.400000095 6.342500210
7.005680331 5.211359948 12.685000420
4.400000095 4.400000095 9.513750315
7.005680331 6.194319955 0.000000000
2.605679974 7.005680331 0.000000000
8.800000190 4.400000095 3.171250105
1.794319990 2.605679974 0.000000000
3.588639980 6.194319955 6.342500210
5.211359948 1.794319990 12.685000420
14.011360662 5.211359948 6.342500210
0.000000000 0.000000000 9.513750315
3.588639980 2.605679974 0.000000000
8.800000190 8.800000190 9.513750315
6.194319955 3.588639980 0.000000000
12.388639910 3.588639980 0.000000000
3.588639980 5.211359948 0.000000000
7.005680331 2.605679974 6.342500210
0.000000000 0.000000000 19.027500630
2.605679974 1.794319990 12.685000420
1.794319990 5.211359948 0.000000000
0.000000000 0.000000000 19.027500630
0.000000000 0.000000000 6.342500210
7.005680331 6.194319955 0.000000000
0.000000000 0.000000000 3.171250105
0.000000000 0.000000000 9.513750315
1.794319990 12.388639910 6.342500210
3.588639980 5.211359948 0.000000000
3.588639980 12.388639910 12.685000420
0.000000000 0.000000000 3.171250105
8.800000190 4.400000095 19.027500630
12.388639910 1.794319990 0.000000000
1.794319990 5.211359948 0.000000000
6.194319955 14.011360662 12.685000420
12.388639910 14.011360662 12.685000420
4.400000095 8.800000190 9.513750315
