    I
    38
    坐标
1.794319990 2.605679974 0.000000000
0.000000000 0.000000000 9.513750315
4.400000095 4.400000095 6.342500210
3.588639980 12.388639910 6.342500210
8.800000190 4.400000095 3.171250105
4.400000095 4.400000095 19.027500630
8.800000190 8.800000190 6.342500210
8.800000190 8.800000190 3.171250105
5.211359948 14.011360662 0.000000000
8.800000190 8.800000190 19.027500630
8.800000190 4.400000095 6.342500210
0.000000000 0.000000000 9.513750315
6.194319955 7.005680331 12.685000420
0.000000000 0.000000000 6.342500210
3.588639980 12.388639910 12.685000420
2.605679974 7.005680331 0.000000000
1.794319990 6.194319955 6.342500210
12.388639910 14.011360662 6.342500210
7.005680331 12.388639910 0.000000000
0.000000000 0.000000000 3.171250105
4.400000095 8.800000190 6.342500210
5.211359948 7.005680331 0.000000000
5.211359948 3.588639980 6.342500210
2.605679974 14.011360662 0.000000000
14.011360662 5.211359948 12.685000420
0.000000000 0.000000000 6.342500210
12.388639910 1.794319990 0.000000000
0.000000000 0.000000000 3.171250105
3.588639980 2.605679974 0.000000000
7.005680331 6.194319955 0.000000000
2.605679974 7.005680331 0.000000000
6.194319955 1.794319990 0.000000000
0.000000000 0.000000000 3.171250105
6.194319955 14.011360662 12.685000420
1.794319990 5.211359948 0.000000000
12.388639910 1.794319990 0.000000000
2.605679974 3.588639980 12.685000420
6.194319955 14.011360662 6.342500210
    Br
    38
    坐标
4.400000095 4.400000095 3.171250105
0.000000000 0.000000000 6.342500210
0.000000000 0.000000000 19.027500630
12.388639910 3.588639980 0.000000000
7.005680331 5.211359948 6.342500210
14.011360662 12.388639910 0.000000000
0.000000000 0.000000000 19.027500630
14.011360662 2.605679974 6.342500210
3.588639980 2.605679974 0.000000000
4.400000095 8.800000190 19.027500630
0.000000000 0.000000000 9.513750315
7.005680331 5.211359948 12.685000420
2.605679974 3.588639980 6.342500210
0.000000000 0.000000000 9.513750315
5.211359948 3.588639980 12.685000420
6.194319955 3.588639980 0.000000000
12.388639910 7.005680331 12.685000420
12.388639910 7.005680331 6.342500210
2.605679974 14.011360662 0.000000000
5.211359948 7.005680331 0.000000000
3.588639980 5.211359948 0.000000000
0.000000000 0.000000000 19.027500630
0.000000000 0.000000000 19.027500630
3.588639980 6.194319955 6.342500210
5.211359948 1.794319990 6.342500210
3.588639980 5.211359948 0.000000000
4.400000095 8.800000190 9.513750315
14.011360662 6.194319955 0.000000000
6.194319955 3.588639980 0.000000000
8.800000190 4.400000095 19.027500630
14.011360662 2.605679974 12.685000420
1.794319990 6.194319955 12.685000420
14.011360662 5.211359948 6.342500210
12.388639910 14.011360662 12.685000420
0.000000000 0.000000000 3.171250105
12.388639910 3.588639980 0.000000000
4.400000095 8.800000190 3.171250105
3.588639980 6.194319955 12.685000420
    V
    38
    坐标
7.005680331 2.605679974 12.685000420
1.794319990 12.388639910 12.685000420
1.794319990 2.605679974 0.000000000
2.605679974 1.794319990 6.342500210
8.800000190 8.800000190 9.513750315
5.211359948 1.794319990 12.685000420
1.794319990 12.388639910 6.342500210
14.011360662 12.388639910 0.000000000
4.400000095 4.400000095 9.513750315
2.605679974 1.794319990 12.685000420
5.211359948 14.011360662 0.000000000
1.794319990 5.211359948 0.000000000
7.005680331 2.605679974 6.342500210
7.005680331 6.194319955 0.000000000
6.194319955 1.794319990 0.000000000
7.005680331 12.388639910 0.000000000
14.011360662 6.194319955 0.000000000
6.194319955 7.005680331 6.342500210
8.800000190 4.400000095 9.513750315
0.000000000 0.000000000 6.342500210
